File opened
0.1377582
0.1395362
0.1012283
0.1331228
0.1433668
0.1392478
0.1055162
0.1115674
0.1105046
0.1101361
0.1164661
0.1119424
0.1126311
0.1101144
0.102252
0.0985462
0.1016614
0.1038185
0.1052263
0.1008879
0.1006031
0.0982
0.1025813
0.0978053
0.0991521
0.1026469
0.0978268
0.1012349
0.1043041
0.1035217
0.09746
0.1036748
0.0996063
0.1029
0.1037812
0.1098811
0.1080045
0.1110708
0.1024982
0.1002398
0.1063049
0.1074676
0.1030218
0.1004048
0.1018506
0.1049769
0.1032778
0.1055623
0.1028113
0.1015254
0.099836
0.1000445
0.1056287
0.1002214
0.0980204
0.0995563
0.1013361
0.0988444
0.1003584
0.1009082
0.099341
0.1111882
0.1089989
0.1067655
0.103516
0.1068581
0.1029915
0.1011548
0.1010421
0.1030737
0.1022401
0.1044345
0.1086181
0.0998257
0.1001253
0.1118734
0.1013019
0.096716
0.10165
0.102695
0.1090957
0.1069246
0.1107249
0.1042107
0.10768
0.1112051
0.1142701
0.1122735
0.1086326
0.131381
0.1351162
0.1028211
0.1038058
0.1047832
0.1213705
0.1170568
0.1091621
0.1048494
0.103033
0.1017488

File opened
0.0114769
0.0102725
0.0063667
0.0064982
0.0064894
0.0064956
0.0065164
0.0066142
0.0069928
0.0066245
0.0064627
0.0064168
0.0065064
0.0064977
0.00647
0.006493
0.0064928
0.0064468
0.0064973
0.0064156
0.0065245
0.0063916
0.0065386
0.0063684
0.0063831
0.0065016
0.0064502
0.0066362
0.0065832
0.0069211
0.0063819
0.006447
0.0063439
0.006493
0.006463
0.0065136
0.0064638
0.0064244
0.0064196
0.0063888
0.0065897
0.0064242
0.0064835
0.006485
0.0064511
0.0065315
0.0064577
0.0064965
0.0064767
0.0065007
0.0065298
0.0064624
0.0063722
0.0064759
0.0064142
0.0064171
0.0064441
0.0063784
0.0063837
0.0065513
0.0065291
0.0067475
0.0067502
0.0071358
0.0068366
0.0066806
0.0069383
0.006798
0.0082656
0.0078245
0.0077501
0.0070634
0.0072402
0.0067654
0.0072531
0.007065
0.0066342
0.0069163
0.0065092
0.0066777
0.0067626
0.0068394
0.0076084
0.0073803
0.0069334
0.0072393
0.0067599
0.0068007
0.0066198
0.0069026
0.007319
0.0069351
0.0067651
0.006726
0.0064746
0.0065818
0.0069258
0.0067432
0.006702
0.0066185

File opened
0.0440523
0.0428541
0.042217
0.0224332
0.0233925
0.0222075
0.0225983
0.0477537
0.0220117
0.0220558
0.0221863
0.0225639
0.0225534
0.0220546
0.0220638
0.0220821
0.0219788
0.0221714
0.0225133
0.0220348
0.0220208
0.0220979
0.022027
0.0221221
0.0227155
0.0220709
0.0219969
0.0221162
0.0220736
0.0222445
0.0225134
0.0224099
0.0220996
0.0218966
0.0220357
0.0219971
0.0220509
0.0229027
0.0220968
0.0220752
0.0220052
0.0220576
0.0221594
0.0225721
0.022743
0.0263594
0.0281218
0.0313598
0.0250241
0.0233338
0.0223683
0.0223813
0.0235475
0.0245373
0.0237844
0.0226391
0.0224563
0.0224265
0.0220794
0.0222106
0.0220947
0.0224933
0.0222489
0.0222862
0.022069
0.0220642
0.0220676
0.0224743
0.0221244
0.0220603
0.0221462
0.0220564
0.0220486
0.0230061
0.0224953
0.0223323
0.0220639
0.0220265
0.0220193
0.022375
0.0225796
0.0221394
0.0220612
0.0220708
0.0220366
0.0219062
0.0235729
0.0217
0.0216108
0.0216471
0.022047
0.022055
0.0225508
0.0220427
0.0220627
0.0221431
0.02209
0.0221124
0.0225288
0.0222869

File opened
0.0020183
0.0014553
0.0014546
0.0014603
0.0014507
0.0012009
0.0011824
0.0011741
0.0011821
0.0011985
0.0011859
0.0026926
0.001267
0.0010949
9.696E-4
0.0010098
9.529E-4
9.446E-4
8.733E-4
8.693E-4
8.693E-4
8.694E-4
8.865E-4
8.683E-4
8.675E-4
8.79E-4
8.655E-4
0.0010002
9.949E-4
0.0010042
9.91E-4
8.44E-4
8.408E-4
8.347E-4
0.0010464
0.0011303
0.0011443
0.0011844
0.0011413
0.0011339
0.001135
0.0011374
0.0011385
0.0011503
0.0011303
0.0011529
0.0011925
0.0012482
0.0012236
0.0012128
0.0011625
0.0011368
0.0011562
0.001148
0.0011455
0.0011408
0.0011429
0.002129
8.316E-4
8.356E-4
8.315E-4
8.332E-4
8.366E-4
8.326E-4
8.313E-4
8.269E-4
8.292E-4
8.276E-4
8.33E-4
9.1E-4
9.609E-4
8.472E-4
8.37E-4
8.386E-4
8.332E-4
8.419E-4
8.627E-4
0.0012871
9.195E-4
9.051E-4
9.485E-4
0.0011867
0.0010079
8.253E-4
8.378E-4
8.388E-4
8.339E-4
9.194E-4
9.087E-4
9.09E-4
9.106E-4
9.146E-4
9.339E-4
9.102E-4
9.061E-4
9.013E-4
9.054E-4
9.024E-4
9.041E-4
8.363E-4

