


0.26682
0.250834
0.259331
0.286205
0.2733
0.276292
0.270972
0.268281
0.266288
0.272804
0.268125
0.264294
0.280052
0.28823
0.291221
0.275294
0.257284
0.26036
0.273265
0.268287
0.267284
0.260334
0.25778
0.277784
0.262299
0.264321
0.253897
0.26592
0.259792
0.27278
0.272267
0.267285
0.258337
0.260903
0.259277
0.269207
0.27626
0.282275
0.273298
0.27726
0.276981
0.26301
0.260333
0.270278
0.259336
0.263393
0.260378
0.265315
0.255459
0.257007
0.267256
0.267285
0.257282
0.261806
0.256315
0.268283
0.275263
0.275291
0.263022
0.253811
0.292087
0.261301
0.291192
0.281248
0.281249
0.265699
0.275346
0.297205
0.278285
0.258817
0.280624
0.27477
0.259306
0.263325
0.263312
0.261337
0.266794
0.271275
0.287232
0.273297
0.268914
0.270598
0.278228
0.259334
0.265318
0.273301
0.27173
0.280226
0.269279
0.282245
0.273085
0.356466
0.299199
0.277258
0.276262
0.277783
0.268335
0.272272
0.275264



0.054832
0.055851
0.055852
0.054853
0.055852
0.055851
0.05388
0.055825
0.054854
0.055884
0.055854
0.054849
0.054894
0.053856
0.053395
0.053856
0.055822
0.054853
0.05483
0.054854
0.055851
0.05585
0.055851
0.055852
0.055851
0.05585
0.053885
0.054853
0.053828
0.053855
0.053828
0.054447
0.053829
0.05339
0.053856
0.053914
0.053859
0.053826
0.054852
0.053851
0.053859
0.053826
0.053416
0.053857
0.055062
0.054108
0.054855
0.053887
0.054825
0.053856
0.053856
0.053854
0.054826
0.05386
0.053854
0.053855
0.053853
0.054853
0.054853
0.054853
0.054885
0.053854
0.053857
0.054056
0.053827
0.054883
0.053857
0.054851
0.053856
0.054827
0.054924
0.053857
0.05439
0.053827
0.053886
0.056354
0.054824
0.05283
0.053885
0.053856
0.054853
0.053856
0.054853
0.053857
0.056848
0.053856
0.054884
0.054823
0.053857
0.053858
0.054851
0.053423
0.053854
0.053855
0.053855
0.053857
0.054853
0.054853
0.055072
0.054852



0.091755
0.090758
0.090758
0.091727
0.091754
0.091755
0.089789
0.092721
0.090759
0.091234
0.090789
0.090818
0.090757
0.091754
0.091785
0.091757
0.096283
0.091783
0.090758
0.129653
0.097738
0.092753
0.091751
0.090767
0.091755
0.092751
0.092704
0.091755
0.09344
0.091932
0.091754
0.090759
0.091723
0.090756
0.089736
0.089811
0.089759
0.091755
0.091782
0.092752
0.091756
0.091757
0.090757
0.090781
0.089784
0.091755
0.091755
0.091754
0.090757
0.094746
0.090757
0.091782
0.091723
0.089732
0.089759
0.089822
0.089757
0.090729
0.0902
0.089011
0.090234
0.093028
0.08976
0.09073
0.090756
0.090785
0.090758
0.089731
0.089761
0.090755
0.090759
0.091754
0.090278
0.090726
0.091755
0.089766
0.09179
0.089759
0.090758
0.090753
0.091728
0.092752
0.090756
0.091779
0.091727
0.08979
0.091751
0.090761
0.089789
0.091726
0.090664
0.090354
0.090003
0.091754
0.090759
0.090776
0.090759
0.090733
0.090785
0.089754



0.000997
0.000973
0.000997
0.000997
0.002025
0.000968
0.001006
0.000997
0.000997
0.001996
0.000997
0.001002
0.000997
0.000997
0.001967
0.000997
0.000998
0.001011
0.001995
0.001995
0.000969
0.000998
0.000997
0.000997
0.001024
0.002
0.001995
0.001995
0.000997
0.000997
0.001
0.001028
0.000998
0.001995
0.001995
0.002025
0.000997
0.000997
0.000997
0.001995
0.001026
0.00097
0.000997
0.002023
0.001017
0.000969
0.000996
0.000986
0.000968
0.001991
0.002022
0.000971
0.000997
0.000998
0.001995
0.000999
0.001992
0.000996
0.001996
0.000997
0.000997
0.000994
0.000998
0.001969
0.000997
0.001995
0.000996
0.001995
0.000998
0.000997
0.001994
0.000998
0.001994
0.000997
0.000998
0.000997
0.000997
0.001994
0.000998
0.001995
0.000997
0.000997
0.001995
0.000997
0.001995
0.001995
0.000999
0.001994
0.000998
0.001995
0.000997
0.000998
0.000997
0.000997
0.001027
0.000999
0.001995
0.000997
0.000998
0.001887
0.000997




